0
0
2.6168e-11
2.9061e-08
1.2302e-06
1.275e-05
6.3341e-05
0.00020407
0.00049845
0.0010088
0.0017865
0.0028671
0.0042702
0.0060014
0.0080552
0.010418
0.01307
0.015988
0.019149
0.022526
0.026096
0.029834
0.033717
0.037726
0.041839
0.04604
0.050313
0.054642
0.059014
0.06005
0.061175
0.062369
0.063611
0.06489
0.066188
0.067493
0.068795
0.070077
0.071328
0.072542
0.073702
0.074786
0.075787
0.076693
0.074634
0.070267
0.068851
0.06506
0.063893
0.062692
0.061433
0.056389
0.055485
0.051241
0.047745
0.047364
0.045924
0.045524
0.043236
0.042918
0.042569
0.042219
0.044601
0.044747
0.046876
0.048852
0.050683
0.054757
0.056179
0.057543
0.057357
0.058686
0.062988
0.06733
0.0667
0.066689
0.07096
0.07526
0.074306
0.071092
0.071197
0.066605
0.058474
0.055673
0.049631
0.047792
0.044546
0.04301
0.041455
0.039888
0.038373
0.035731
0.033568
0.03182
0.031506
0.031313
0.029254
0.025917
0.023388
0.02144
0.0199
0.02067
0.021328
0.02182
0.0221
0.022116
0.021959
0.021893
0.023189
0.024826
0.026739
0.028852
0.031102
0.031351
0.03169
0.032074
0.032453
0.032766
0.034224
0.035452
0.036338
0.036735
0.036543
0.035832
0.034905
0.034213
0.032633
0.031811
0.031442
0.031322
0.031303
0.031258
0.031066
0.02929
0.027442
0.026775
0.026009
0.025209
0.02448
0.023946
0.023504
0.022021
0.020658
0.019529
0.018652
0.018058
0.017708
0.018258
0.018729
0.019061
0.019378
0.018442
0.017884
0.018433
0.019129
0.01991
0.01961
0.019313
0.019142
0.019043
0.019942
0.019793
0.019688
0.019571
0.019411
0.018356
0.017335
0.0163
0.016172
0.015714
0.014487
0.012193
0.0092005
0.0072145
0.0063797
0.0057562
0.0051613
0.0044122
0.0035924
0.0029035
0.0025911
0.0024128
0.0022639
0.0021069
0.0020057
0.0018472
0.0017558
0.0017315
0.0017284
0.0017211
0.0017172
0.0016752
0.0016178
0.0016585
0.001675
0.0017033
0.0016556
0.001645
0.0016145
0.0016604
0.0016831
0.0017295
0.0017007
0.0017606
0.0018043
0.0019178
0.0020877
0.0023078
0.0024269
0.0026696
0.0030046
0.0035489
0.0043323
0.0054562
0.0063981
0.0072061
0.0080015
0.0087417
0.0088446
0.009196
0.0093462
0.0092743
0.0085845
0.007945
0.0074876
0.0071264
0.0064297
0.0059036
0.0055983
0.0054471
0.0054084
0.0054806
0.0056166
0.0058016
0.0063354
0.0069221
0.007568
0.0086799
0.0098821
0.012441
0.015272
0.018351
0.021654
0.025156
0.028833
0.032662
0.036622
0.040694
0.042349
0.043984
0.045566
0.047049
0.04634
0.045719
0.044945
0.043751
0.041817
0.038091
0.034568
0.03086
0.027111
0.023101
0.019879
0.017191
0.014856
0.012529
0.010818
0.0095241
0.0084501
0.007688
0.0071182
0.0066657
0.0062639
0.0059737
0.0057639
0.0055864
0.0054158
0.0052927
0.0052096
0.0051393
0.0048631
0.0048283
0.0048125
0.0047868
0.0047524
0.0049443
0.005154
0.0053987
0.00599
0.0067073
0.0075654
0.0085608
0.0088927
0.0092509
0.0096033
0.0099226
0.010544
0.010411
0.010641
0.010754
0.010858
0.011047
0.0113
0.01209
0.012694
0.012972
0.012863
0.012746
0.012375
0.011858
0.012138
0.012536
0.012959
0.013348
0.013657
0.013842
0.013247
0.012544
0.012395
0.012207
0.012104
0.012137
0.011646
0.011198
0.010083
0.0097203
0.0095385
0.0095017
0.0095662
0.010757
0.011389
0.012048
0.012717
0.013381
0.014647
0.015891
0.017825
0.019833
0.021913
0.024065
0.026285
0.028561
0.030883
0.033238
0.035617
0.038009
0.042142
0.046363
0.050656
0.055006
0.059399
0.063824
0.068271
0.072729
0.077191
0.081649
0.086096
0.090527
0.094937
0.099322
0.10368
0.108
0.11229
0.11654
0.12074
0.12491
0.12904
0.13312
0.13715
0.14114
0.14508
0.14898
0.15282
0.15663
0.16038
0.16408
0.16774
0.17135
0.17492
0.17844
0.18191
0.18534
0.18872
0.19206
0.19535
0.1986
0.20181
0.20497
0.20809
0.21118
0.21422
0.21722
0.22018
0.2231
0.22599
0.22883
0.23165
0.23442
0.23716
0.23986
0.24253
0.24516
0.24776
0.23566
0.22542
0.21657
0.2002
0.18715
0.17592
0.16479
0.14808
0.12835
0.10811
0.087114
0.062976
0.046319
0.034702
0.026236
0.020037
0.016052
0.013261
0.011052
0.0091662
0.008258
0.0075648
0.0069227
0.0064436
0.0061075
0.005851
0.0053954
0.0052026
0.0050772
0.004983
0.004858
0.0049281
0.0048082
0.0047012
0.0046052
0.0047814
0.0050114
0.0053008
0.0053751
0.0056684
0.005948
0.0062395
0.00653
0.007078
0.0076423
0.0085206
0.0094188
0.010366
0.011425
0.012689
0.014158
0.01636
0.017609
0.018854
0.020064
0.021213
0.022289
0.024209
0.026163
0.028164
0.03022
0.032331
0.034494
0.038518
0.042643
0.046851
0.051128
0.055459
0.059831
0.064233
0.068654
0.073085
0.07299
0.073061
0.073257
0.073545
0.073896
0.074292
0.074719
0.071829
0.069351
0.067126
0.065082
0.063168
0.061366
0.059661
0.058065
0.056603
0.058526
0.060311
0.061935
0.063409
0.064756
0.066014
0.067216
0.069061
0.073447
0.075381
0.079764
0.084151
0.082859
0.082086
0.076244
0.071429
0.064581
0.061045
0.057685
0.052345
0.04767
0.043624
0.040271
0.03758
0.036667
0.035971
0.033186
0.029064
0.025937
0.024813
0.02516
0.025383
0.025386
0.025102
0.024574
0.024167
0.025347
0.026979
0.028944
0.031126
0.031444
0.031846
0.032272
0.032661
0.034224
0.035543
0.03649
0.036891
0.036568
0.035634
0.034538
0.034006
0.032715
0.032079
0.031824
0.031742
0.031665
0.031436
0.029571
0.027561
0.026765
0.025896
0.024993
0.024304
0.02379
0.023282
0.021711
0.020397
0.01936
0.018663
0.018247
0.018766
0.019191
0.019464
0.018354
0.017609
0.017236
0.017908
0.018706
0.019569
0.018224
0.018159
0.018163
0.019112
0.020094
0.019957
0.019827
0.019663
0.018578
0.019608
0.018148
0.017847
0.014988
0.013603
0.0097413
0.0075347
0.0063755
0.005694
0.0052134
0.0046452
0.003938
0.00321
0.0027164
0.0025427
0.0023862
0.0022689
0.0021414
0.0019786
0.0018092
0.0018032
0.0017933
0.0018055
0.0017232
0.001677
0.0016157
0.0016457
0.0016648
0.0017022
0.0016559
0.0016455
0.0016107
0.0016464
0.0016698
0.0017185
0.0016886
0.001744
0.001777
0.0018938
0.0020657
0.0022765
0.002382
0.00264
0.0029942
0.00358
0.0043936
0.0055431
0.0061391
0.0069628
0.0077693
0.0085124
0.0086165
0.0089321
0.0090328
0.0089269
0.0082766
0.0077133
0.0073204
0.0069898
0.0063191
0.0058449
0.0055829
0.0054623
0.0052149
0.0053413
0.0055193
0.0060266
0.0065828
0.0071928
0.0078662
0.0090185
0.010667
0.01331
0.016218
0.019367
0.022732
0.026289
0.030015
0.033886
0.037882
0.041984
0.043558
0.045103
0.046581
0.047933
0.046999
0.046107
0.044994
0.043356
0.039738
0.036147
0.032655
0.028897
0.024673
0.021188
0.018384
0.015959
0.013472
0.011578
0.010164
0.0089908
0.0081583
0.0074977
0.0069972
0.0065488
0.0062156
0.0059517
0.0057547
0.0055635
0.0054127
0.0052935
0.0052034
0.0049071
0.0048464
0.0048109
0.0047799
0.0047396
0.0049248
0.0051237
0.0053504
0.0056521
0.0063375
0.0071643
0.0081298
0.0090133
0.0093466
0.0096865
0.0099982
0.010621
0.010956
0.011182
0.011279
0.01133
0.011458
0.011666
0.012442
0.013049
0.013322
0.013178
0.012934
0.012395
0.011785
0.012035
0.012425
0.012856
0.013263
0.013594
0.013806
0.013249
0.012565
0.012409
0.012188
0.012036
0.012723
0.012113
0.011577
0.010359
0.0099226
0.00967
0.0095796
0.0096083
0.010224
0.010882
0.011567
0.012262
0.012953
0.014231
0.015489
0.01742
0.019424
0.021498
0.023644
0.025858
0.028128
0.030447
0.0328
0.035175
0.037564
0.041685
0.045896
0.050179
0.054522
0.058909
0.06333
0.067773
0.072229
0.076689
0.081146
0.085594
0.090026
0.094437
0.098823
0.10318
0.1075
0.11179
0.11605
0.12026
0.12443
0.12856
0.13264
0.13668
0.14067
0.14462
0.14852
0.15237
0.15618
0.15993
0.16364
0.16731
0.17092
0.17449
0.17802
0.18149
0.18492
0.18831
0.19165
0.19495
0.1982
0.20141
0.20458
0.20771
0.2108
0.21384
0.21685
0.21981
0.22274
0.22563
0.22848
0.23129
0.23407
0.23681
0.23952
0.24219
0.24483
0.24743
0.23537
0.22521
0.21643
0.2002
0.18741
0.17649
0.16591
0.15022
0.13182
0.11187
0.09222
0.067507
0.049618
0.03726
0.028207
0.021511
0.017161
0.014175
0.011832
0.010082
0.0089909
0.0081821
0.0074486
0.0071349
0.0066828
0.0063489
0.0058173
0.0055761
0.005402
0.005642
0.0054085
0.0054185
0.0052303
0.0050623
0.0049116
0.005046
0.0052403
0.0055039
0.0055489
0.0058251
0.006086
0.0063572
0.0066327
0.0071764
0.0077319
0.0086122
0.0095091
0.010451
0.011494
0.01325
0.014652
0.016845
0.018057
0.01927
0.020456
0.021589
0.022652
0.024595
0.02657
0.028589
0.03066
0.032783
0.034955
0.03899
0.043124
0.04734
0.051623
0.055958
0.060332
0.064735
0.069156
0.073587
0.073463
0.073508
0.073676
0.07394
0.074267
0.074626
0.075009
0.072059
0.069518
0.067257
0.065178
0.063234
0.061409
0.05968
0.058071
0.056584
0.058498
